Best Epoch: 92
Best Validation Accuracy: 0.7166
Best Validation Loss: 1.3712
Best Validation F1 (Macro): 0.6619

              precision    recall  f1-score   support

         不可以       0.50      0.25      0.33         4
         不喜歡       0.00      0.00      0.00         3
         不客氣       0.57      0.80      0.67         5
          不是       0.67      0.67      0.67         3
          中午       0.67      0.67      0.67         3
      今天(現在)       1.00      0.75      0.86         4
          休息       0.50      1.00      0.67         5
          你好       0.29      0.67      0.40         3
          公車       0.38      0.60      0.46         5
          再見       1.00      1.00      1.00         5
           去       0.00      0.00      0.00         3
          可以       0.30      1.00      0.46         3
          名字       0.33      0.50      0.40         4
          告訴       0.73      0.89      0.80         9
          喜歡       0.75      0.60      0.67         5
          好吃       0.67      0.67      0.67         6
          媽媽       0.20      0.25      0.22         4
         對不起       1.00      0.80      0.89         5
          幫忙       1.00      0.25      0.40         4
          幾點       1.00      1.00      1.00         3
          忘記       0.62      1.00      0.77         5
           我       1.00      0.67      0.80         6
          我們       0.70      0.70      0.70        10
           找       1.00      0.25      0.40         4
          放學       0.92      1.00      0.96        12
          明天       1.00      1.00      1.00         4
           是       0.86      0.86      0.86         7
           會       0.89      1.00      0.94         8
           有       1.00      0.25      0.40         4
         有沒有       1.00      0.67      0.80         3
          朋友       0.75      0.75      0.75         4
           棒       0.50      0.25      0.33         4
          機車       0.75      1.00      0.86         3
          檢查       1.00      0.67      0.80         6
         沒關係       0.25      0.20      0.22         5
          火車       0.67      0.67      0.67         3
          爸爸       0.50      0.33      0.40         3
          生氣       1.00      0.75      0.86         4
          蘋果       0.86      0.86      0.86         7
           要       0.88      0.88      0.88         8
         計程車       1.00      0.75      0.86         4
          記得       0.33      0.33      0.33         3
          認真       1.00      0.75      0.86         4
          說話       0.80      0.67      0.73         6
          謝謝       0.88      1.00      0.93         7
          還沒       0.86      0.75      0.80         8
          飛機       0.50      1.00      0.67         3
          飲料       1.00      0.50      0.67         2
          高興       0.86      1.00      0.92         6
          高鐵       1.00      0.75      0.86         8

    accuracy                           0.72       247
   macro avg       0.72      0.67      0.66       247
weighted avg       0.75      0.72      0.71       247
