Fold 3 Best Model Report
==============================
              precision    recall  f1-score   support

         不可以       0.67      0.67      0.67         3
         不喜歡       1.00      0.67      0.80         3
         不客氣       1.00      1.00      1.00         4
          不是       1.00      0.67      0.80         3
          中午       1.00      1.00      1.00         2
      今天(現在)       1.00      0.75      0.86         4
          休息       1.00      0.75      0.86         4
          你好       1.00      0.67      0.80         3
          公車       1.00      0.80      0.89         5
          再見       0.83      1.00      0.91         5
           去       0.75      1.00      0.86         3
          可以       0.75      1.00      0.86         3
          名字       0.67      0.67      0.67         3
          告訴       0.89      1.00      0.94         8
          喜歡       0.60      0.75      0.67         4
          好吃       1.00      1.00      1.00         6
          媽媽       1.00      0.33      0.50         3
         對不起       1.00      0.80      0.89         5
          幫忙       0.75      1.00      0.86         3
          幾點       1.00      1.00      1.00         2
          忘記       1.00      1.00      1.00         5
           我       0.83      0.83      0.83         6
          我們       0.91      1.00      0.95        10
           找       1.00      0.67      0.80         3
          放學       1.00      1.00      1.00        11
          明天       1.00      1.00      1.00         4
           是       0.86      1.00      0.92         6
           會       1.00      1.00      1.00         8
           有       1.00      0.67      0.80         3
         有沒有       0.75      1.00      0.86         3
          朋友       1.00      1.00      1.00         3
           棒       0.29      0.67      0.40         3
          機車       0.75      1.00      0.86         3
          檢查       1.00      1.00      1.00         6
         沒關係       1.00      1.00      1.00         4
          火車       1.00      1.00      1.00         3
          爸爸       0.00      0.00      0.00         2
          生氣       1.00      0.67      0.80         3
          蘋果       1.00      0.67      0.80         6
           要       0.88      1.00      0.93         7
         計程車       0.80      1.00      0.89         4
          記得       1.00      0.67      0.80         3
          認真       0.80      1.00      0.89         4
          說話       0.83      0.83      0.83         6
          謝謝       0.80      0.67      0.73         6
          還沒       1.00      0.88      0.93         8
          飛機       0.75      1.00      0.86         3
          飲料       1.00      0.50      0.67         2
          高興       0.71      1.00      0.83         5
          高鐵       1.00      1.00      1.00         8

    accuracy                           0.88       224
   macro avg       0.88      0.84      0.84       224
weighted avg       0.90      0.88      0.88       224
