Fold 5 Best Model Report
==============================
              precision    recall  f1-score   support

         不可以       1.00      1.00      1.00         3
         不喜歡       0.38      1.00      0.55         3
         不客氣       1.00      0.75      0.86         4
          不是       1.00      1.00      1.00         3
          中午       1.00      1.00      1.00         2
      今天(現在)       1.00      1.00      1.00         4
          休息       0.67      1.00      0.80         4
          你好       1.00      0.67      0.80         3
          公車       1.00      1.00      1.00         5
          再見       1.00      1.00      1.00         5
           去       1.00      1.00      1.00         3
          可以       1.00      0.67      0.80         3
          名字       1.00      0.33      0.50         3
          告訴       1.00      1.00      1.00         8
          喜歡       1.00      1.00      1.00         4
          好吃       1.00      0.83      0.91         6
          媽媽       1.00      0.33      0.50         3
         對不起       1.00      1.00      1.00         5
          幫忙       0.75      1.00      0.86         3
          幾點       1.00      1.00      1.00         2
          忘記       1.00      0.80      0.89         5
           我       0.86      1.00      0.92         6
          我們       0.83      1.00      0.91        10
           找       0.67      0.67      0.67         3
          放學       1.00      1.00      1.00        11
          明天       1.00      1.00      1.00         4
           是       0.60      1.00      0.75         6
           會       1.00      0.88      0.93         8
           有       0.50      1.00      0.67         3
         有沒有       1.00      1.00      1.00         3
          朋友       1.00      1.00      1.00         3
           棒       1.00      0.33      0.50         3
          機車       1.00      1.00      1.00         3
          檢查       1.00      0.83      0.91         6
         沒關係       1.00      1.00      1.00         4
          火車       1.00      1.00      1.00         3
          爸爸       1.00      0.50      0.67         2
          生氣       1.00      0.33      0.50         3
          蘋果       1.00      1.00      1.00         6
           要       0.78      1.00      0.88         7
         計程車       1.00      0.75      0.86         4
          記得       1.00      1.00      1.00         3
          認真       1.00      1.00      1.00         4
          說話       1.00      0.83      0.91         6
          謝謝       1.00      1.00      1.00         6
          還沒       1.00      1.00      1.00         8
          飛機       1.00      1.00      1.00         3
          飲料       1.00      1.00      1.00         2
          高興       1.00      1.00      1.00         5
          高鐵       1.00      0.75      0.86         8

    accuracy                           0.91       224
   macro avg       0.94      0.89      0.89       224
weighted avg       0.94      0.91      0.91       224
