Fold 4 Best Model Report
==============================
              precision    recall  f1-score   support

         不可以       1.00      1.00      1.00         3
         不喜歡       0.75      1.00      0.86         3
         不客氣       0.80      1.00      0.89         4
          不是       1.00      0.67      0.80         3
          中午       1.00      0.50      0.67         2
      今天(現在)       0.67      0.50      0.57         4
          休息       0.67      1.00      0.80         4
          你好       0.67      0.67      0.67         3
          公車       0.62      1.00      0.77         5
          再見       1.00      0.80      0.89         5
           去       1.00      0.33      0.50         3
          可以       0.75      1.00      0.86         3
          名字       0.75      1.00      0.86         3
          告訴       1.00      0.75      0.86         8
          喜歡       1.00      0.75      0.86         4
          好吃       1.00      1.00      1.00         6
          媽媽       1.00      0.67      0.80         3
         對不起       1.00      1.00      1.00         5
          幫忙       1.00      1.00      1.00         3
          幾點       1.00      1.00      1.00         2
          忘記       1.00      0.60      0.75         5
           我       0.86      1.00      0.92         6
          我們       0.77      1.00      0.87        10
           找       1.00      0.67      0.80         3
          放學       1.00      0.91      0.95        11
          明天       1.00      1.00      1.00         4
           是       1.00      1.00      1.00         6
           會       0.88      0.88      0.88         8
           有       1.00      1.00      1.00         3
         有沒有       1.00      1.00      1.00         3
          朋友       1.00      1.00      1.00         3
           棒       1.00      0.33      0.50         3
          機車       1.00      1.00      1.00         3
          檢查       1.00      0.83      0.91         6
         沒關係       0.75      0.75      0.75         4
          火車       0.75      1.00      0.86         3
          爸爸       1.00      0.50      0.67         2
          生氣       1.00      1.00      1.00         3
          蘋果       1.00      1.00      1.00         6
           要       0.86      0.86      0.86         7
         計程車       1.00      1.00      1.00         4
          記得       1.00      1.00      1.00         3
          認真       0.80      1.00      0.89         4
          說話       0.75      1.00      0.86         6
          謝謝       0.75      1.00      0.86         6
          還沒       1.00      1.00      1.00         8
          飛機       1.00      1.00      1.00         3
          飲料       1.00      0.50      0.67         2
          高興       1.00      1.00      1.00         5
          高鐵       1.00      1.00      1.00         8

    accuracy                           0.89       224
   macro avg       0.92      0.87      0.87       224
weighted avg       0.91      0.89      0.89       224
