Best Epoch: 92
Best Validation Accuracy: 0.8098
Best Validation Loss: 1.0815
Best Validation F1 (Macro): 0.7367

              precision    recall  f1-score   support

         不可以       0.67      1.00      0.80         2
         不喜歡       1.00      0.50      0.67         2
         不客氣       1.00      1.00      1.00         4
          不是       1.00      1.00      1.00         3
          中午       0.00      0.00      0.00         1
      今天(現在)       0.80      1.00      0.89         4
          休息       1.00      1.00      1.00         4
          你好       0.00      0.00      0.00         1
          公車       1.00      0.33      0.50         3
          再見       1.00      1.00      1.00         3
           去       0.50      0.50      0.50         2
          可以       1.00      1.00      1.00         1
          名字       0.33      1.00      0.50         2
          告訴       1.00      1.00      1.00         6
          喜歡       0.43      1.00      0.60         3
          好吃       1.00      1.00      1.00         3
          媽媽       1.00      0.50      0.67         2
         對不起       1.00      1.00      1.00         3
          幫忙       0.75      1.00      0.86         3
          幾點       1.00      1.00      1.00         3
          忘記       0.67      0.67      0.67         3
           我       0.00      0.00      0.00         2
          我們       0.67      0.67      0.67         6
           找       0.33      0.50      0.40         2
          放學       1.00      1.00      1.00         8
          明天       1.00      0.67      0.80         3
           是       1.00      1.00      1.00         4
           會       1.00      0.71      0.83         7
           有       0.50      0.33      0.40         3
         有沒有       0.50      0.50      0.50         2
          朋友       1.00      0.67      0.80         3
           棒       0.40      1.00      0.57         2
          機車       0.60      1.00      0.75         3
          檢查       0.67      0.67      0.67         3
         沒關係       1.00      0.75      0.86         4
          火車       1.00      1.00      1.00         3
          爸爸       0.00      0.00      0.00         2
          生氣       1.00      1.00      1.00         2
          蘋果       0.67      1.00      0.80         4
           要       1.00      0.83      0.91         6
         計程車       1.00      0.67      0.80         3
          記得       1.00      0.50      0.67         2
          認真       1.00      1.00      1.00         3
          說話       1.00      0.67      0.80         3
          謝謝       1.00      0.67      0.80         3
          還沒       0.86      1.00      0.92         6
          飛機       1.00      0.50      0.67         2
          飲料       1.00      0.50      0.67         2
          高興       0.83      1.00      0.91         5
          高鐵       1.00      1.00      1.00         7

    accuracy                           0.81       163
   macro avg       0.78      0.75      0.74       163
weighted avg       0.84      0.81      0.80       163
