Fold 1 Best Model Report
==============================
              precision    recall  f1-score   support

         不可以       1.00      0.33      0.50         3
         不喜歡       1.00      0.33      0.50         3
         不客氣       1.00      1.00      1.00         4
          不是       1.00      1.00      1.00         3
          中午       0.67      1.00      0.80         2
      今天(現在)       1.00      0.50      0.67         4
          休息       1.00      1.00      1.00         4
          你好       0.50      1.00      0.67         3
          公車       1.00      0.80      0.89         5
          再見       1.00      1.00      1.00         5
           去       0.67      0.67      0.67         3
          可以       1.00      1.00      1.00         3
          名字       0.33      1.00      0.50         3
          告訴       1.00      1.00      1.00         8
          喜歡       1.00      1.00      1.00         4
          好吃       0.80      0.67      0.73         6
          媽媽       0.75      1.00      0.86         3
         對不起       1.00      0.80      0.89         5
          幫忙       1.00      1.00      1.00         3
          幾點       1.00      0.50      0.67         2
          忘記       0.80      0.80      0.80         5
           我       1.00      1.00      1.00         6
          我們       0.71      1.00      0.83        10
           找       0.50      1.00      0.67         3
          放學       1.00      1.00      1.00        11
          明天       1.00      1.00      1.00         4
           是       0.67      1.00      0.80         6
           會       0.78      0.88      0.82         8
           有       1.00      0.67      0.80         3
         有沒有       1.00      0.67      0.80         3
          朋友       1.00      1.00      1.00         3
           棒       0.50      0.33      0.40         3
          機車       1.00      1.00      1.00         3
          檢查       1.00      0.83      0.91         6
         沒關係       1.00      0.75      0.86         4
          火車       1.00      1.00      1.00         3
          爸爸       1.00      1.00      1.00         2
          生氣       1.00      0.67      0.80         3
          蘋果       1.00      0.67      0.80         6
           要       1.00      1.00      1.00         7
         計程車       1.00      1.00      1.00         4
          記得       1.00      0.67      0.80         3
          認真       0.75      0.75      0.75         4
          說話       1.00      0.83      0.91         6
          謝謝       1.00      0.83      0.91         6
          還沒       0.88      0.88      0.88         8
          飛機       1.00      1.00      1.00         3
          飲料       1.00      0.50      0.67         2
          高興       0.80      0.80      0.80         5
          高鐵       1.00      1.00      1.00         8

    accuracy                           0.87       224
   macro avg       0.90      0.84      0.85       224
weighted avg       0.91      0.87      0.87       224
