Best Epoch: 71
Best Validation Accuracy: 0.8704
Best Validation Loss: 0.7913
Best Validation F1 (Macro): 0.8556

              precision    recall  f1-score   support

         不可以       1.00      0.50      0.67         4
         不喜歡       1.00      1.00      1.00         3
         不客氣       1.00      1.00      1.00         5
          不是       1.00      0.67      0.80         3
          中午       1.00      0.67      0.80         3
      今天(現在)       0.80      1.00      0.89         4
          休息       0.71      1.00      0.83         5
          你好       0.75      1.00      0.86         3
          公車       0.50      1.00      0.67         5
          再見       1.00      1.00      1.00         5
           去       0.60      1.00      0.75         3
          可以       1.00      0.67      0.80         3
          名字       0.75      0.75      0.75         4
          告訴       1.00      0.89      0.94         9
          喜歡       1.00      0.80      0.89         5
          好吃       0.83      0.83      0.83         6
          媽媽       0.80      1.00      0.89         4
         對不起       1.00      1.00      1.00         5
          幫忙       1.00      0.75      0.86         4
          幾點       1.00      1.00      1.00         3
          忘記       1.00      0.80      0.89         5
           我       0.83      0.83      0.83         6
          我們       1.00      1.00      1.00        10
           找       0.75      0.75      0.75         4
          放學       1.00      0.92      0.96        12
          明天       1.00      1.00      1.00         4
           是       0.86      0.86      0.86         7
           會       0.89      1.00      0.94         8
           有       1.00      0.50      0.67         4
         有沒有       1.00      0.67      0.80         3
          朋友       1.00      0.75      0.86         4
           棒       0.60      0.75      0.67         4
          機車       1.00      1.00      1.00         3
          檢查       1.00      0.67      0.80         6
         沒關係       0.83      1.00      0.91         5
          火車       1.00      1.00      1.00         3
          爸爸       1.00      0.33      0.50         3
          生氣       1.00      0.75      0.86         4
          蘋果       1.00      0.86      0.92         7
           要       0.78      0.88      0.82         8
         計程車       1.00      0.75      0.86         4
          記得       1.00      0.67      0.80         3
          認真       0.40      1.00      0.57         4
          說話       1.00      0.83      0.91         6
          謝謝       0.88      1.00      0.93         7
          還沒       1.00      0.88      0.93         8
          飛機       1.00      1.00      1.00         3
          飲料       1.00      0.50      0.67         2
          高興       0.75      1.00      0.86         6
          高鐵       1.00      1.00      1.00         8

    accuracy                           0.87       247
   macro avg       0.91      0.85      0.86       247
weighted avg       0.91      0.87      0.87       247
